scales,voronois,displacement
"(0.9, 1.2, 1.2)",5,0.02
"(0.9, 1.2, 1.2)",5,0.1
"(0.9, 1.2, 1.2)",5,0.4
"(0.9, 1.2, 1.2)",10,0.02
"(0.9, 1.2, 1.2)",10,0.1
"(0.9, 1.2, 1.2)",10,0.4
"(0.9, 0.6, 1.3)",5,0.02
"(0.9, 0.6, 1.3)",5,0.1
"(0.9, 0.6, 1.3)",5,0.4
"(0.9, 0.6, 1.3)",10,0.02
"(0.9, 0.6, 1.3)",10,0.1
"(0.9, 0.6, 1.3)",10,0.4
"(0.9, 1.2, 0.9)",5,0.02
"(0.9, 1.2, 0.9)",5,0.1
"(0.9, 1.2, 0.9)",5,0.4
"(0.9, 1.2, 0.9)",10,0.02
"(0.9, 1.2, 0.9)",10,0.1
"(0.9, 1.2, 0.9)",10,0.4
"(1, 1, 0.5)",5,0.02
"(1, 1, 0.5)",5,0.1
"(1, 1, 0.5)",5,0.4
"(1, 1, 0.5)",10,0.02
"(1, 1, 0.5)",10,0.1
"(1, 1, 0.5)",10,0.4
